0.270149916
0.396662921
0.370481938
0.446848929
0.274181306
0.202011794
0.402899593
0.194419459
0.40218991
0.352717698
0.274181306
0.380976021
-0.102569863
-0.116252229
0.151625097
-0.390513361
0.208477736
0.422131628
-0.225290537
-0.451386124
0.410112947
0.156045958
-0.350869566
0.0951245055
0.992586553
0.992587805
0.99258256
0.992585182
0.992583454
0.992587209
0.992586672
0.992584586
0.992586434
0.992584169
0.992586434
0.992585003
0.223957866
0.124426998
0.322563231
0.141717046
0.184170187
0.425326705
0.0508488193
0.427152127
0.466310829
0.0891885385
0.125960156
0.306529313
0.940766335
0.940766335
0.380318373
0.453106493
