0.288363844
0.343799472
0.28544724
0.404771835
0.439347744
0.381291181
0.431329876
0.407383502
0.233762145
0.221192956
0.274994105
0.46559152
0.404453367
-0.236168683
-0.238839149
-0.234325901
-0.332942635
-0.213668108
-0.301814675
0.262433052
-0.0818518996
-0.138453543
-0.275177389
0.301880598
0.992587805
0.992584229
0.992586136
0.992584646
0.992587566
0.992584229
0.992584109
0.992584646
0.992584407
0.992587984
0.992585421
0.992581666
0.365579784
0.432451636
0.313055128
0.123598397
0.239187747
0.463127851
0.146978661
0.375220805
0.469757587
0.40838328
0.127715304
0.393712133
0.940519869
0.940513492
0.372368723
0.120445155
