0.256186187
0.484338552
0.312274724
0.399394363
0.219707772
0.183473825
0.39063409
0.216953769
0.463980705
0.272008508
0.264430076
0.393842548
-0.469806135
0.255467743
-0.17378591
-0.360785425
-0.425985187
0.293733001
-0.346208334
0.326231778
0.401867867
-0.193381518
-0.382438302
0.338864595
0.992588639
0.992587566
0.992590368
0.992589831
0.99258703
0.99259007
0.992580831
0.992580652
0.992581248
0.992582381
0.992582917
0.992583096
0.404259115
0.278022766
0.389151186
0.367450118
0.392966688
0.447260916
0.440743119
0.468695551
0.425504744
0.35845086
0.0926543474
0.342905223
0.94089216
0.940451086
0.26838544
0.337300509
