0.407398134
0.43168354
0.398087621
0.240718484
0.240849361
0.204606578
0.414710581
0.395102322
0.461489648
0.358775467
0.443856716
0.323443413
0.25072664
-0.42496112
0.321433216
-0.410644293
-0.437078655
-0.450638801
-0.223518535
0.29799509
-0.28057462
0.232712314
0.287515163
-0.360063255
0.992585599
0.992586493
0.992587447
0.99258852
0.992584288
0.99258697
0.992582738
0.99258405
0.992584646
0.992586434
0.992587388
0.992583096
0.0689307079
0.467464864
0.377920449
0.0436016805
0.0607352965
0.0493967347
0.468262017
0.404068559
0.116607234
0.362327904
0.42557025
0.392206788
0.940670848
0.940620244
0.0471940637
0.333528101
