0.287088096
0.341687679
0.291696131
0.404554039
0.439173609
0.384349614
0.4333359
0.406725973
0.232122466
0.213459641
0.27679193
0.465911537
0.405488193
-0.239455938
-0.241247743
-0.237985462
-0.338152438
-0.227162421
-0.306615829
0.261844903
-0.0744884387
-0.138054848
-0.273623854
0.298375964
0.992587507
0.992584169
0.992586136
0.992584169
0.992587864
0.992585599
0.992584169
0.992584169
0.992583513
0.992587686
0.992585719
0.992582858
0.360896111
0.426935703
0.315783978
0.136423096
0.234315231
0.467595816
0.121704042
0.379022181
0.467730701
0.405685276
0.130988985
0.385825187
0.940653861
0.940633118
0.371163666
0.122208863
