0.365587294
0.225561306
0.40747419
0.353850007
0.421453387
0.445220381
0.237224236
0.343704253
0.378000975
0.271264285
0.36608395
0.458701491
-0.337574542
-0.402349621
0.21523793
0.30408439
-0.414909929
0.117712706
-0.332019418
0.338972777
0.363327503
0.453747779
-0.138409212
-0.264103502
0.992583334
0.992586434
0.992586911
0.992584407
0.992587268
0.992582619
0.992586315
0.992589176
0.992590427
0.992584705
0.992583215
0.992584765
0.431890994
0.130220219
0.315776289
0.240964308
0.136286005
0.325061291
0.303932339
0.219074607
0.393492818
0.401235729
0.151139006
0.372950077
0.940486729
0.940534055
0.303194195
0.471080214
