0.191881374
0.246973813
0.305134922
0.295487612
0.32620424
0.408991247
0.271911919
0.347433537
0.463419944
0.308955491
0.375207573
0.470726103
0.285565197
0.419794887
-0.454106271
-0.441266209
0.332309335
-0.178266838
0.342192024
0.107822873
-0.0717321336
-0.266486049
0.297967434
0.334674209
0.992587209
0.992585242
0.992582798
0.992583692
0.992585301
0.992584527
0.992588401
0.992587388
0.992586076
0.992585003
0.99258554
0.992582738
0.316305727
0.190758035
0.436324328
0.21141547
0.466318041
0.153960273
0.475578785
0.055474326
0.454462856
0.149780095
0.361706525
0.380601436
0.94064337
0.940672457
0.41476801
0.347420782
