0.344238579
0.405239344
0.360472292
0.338112831
0.209782049
0.308651835
0.311360687
0.275616527
0.350674927
0.441737592
0.452898353
0.471803695
0.26339224
-0.252571374
0.224569276
0.384021401
-0.236053795
0.330184668
0.111755297
0.242339298
0.116278134
0.213951543
-0.323248893
-0.23523356
0.992585301
0.992581904
0.992586911
0.992587149
0.992585957
0.992580473
0.992586374
0.992588878
0.992588997
0.99258697
0.992585301
0.992582202
0.292333364
0.341103435
0.42873016
0.45765385
0.154848635
0.446118504
0.144817531
0.423667222
0.383131325
0.398314804
0.176522672
0.350854784
0.940489888
0.94059974
0.144343287
0.392018527
