0.271043897
0.237168118
0.38916263
0.397812873
0.271522284
0.299241871
0.421256989
0.326124281
0.335877687
0.416170448
0.228684455
0.215795323
-0.108190723
0.404416382
0.364491343
-0.353964686
0.400721878
0.0888167396
-0.412630796
0.313981146
0.366851598
0.43656233
-0.428386301
-0.398510963
0.992589295
0.99258548
0.992586434
0.992590785
0.992587686
0.992581964
0.992582381
0.992584944
0.992584825
0.992584944
0.992585719
0.992580354
0.409792811
0.277672142
0.331201553
0.110298447
0.415970951
0.0661223084
0.471809506
0.158695832
0.33410725
0.22778587
0.433465481
0.394950688
0.940665483
0.940445542
0.463584572
0.11278861
