0.345833153
0.401320934
0.362621039
0.335472733
0.212833852
0.308583438
0.313821405
0.276481003
0.353883713
0.44231239
0.451420009
0.472408026
0.266475469
-0.261432558
0.224074438
0.386126369
-0.239674747
0.328514427
0.112190582
0.239651129
0.12158069
0.21402216
-0.325354308
-0.234933898
0.992585659
0.99258244
0.99258697
0.99258697
0.992586732
0.992582321
0.992585659
0.992588222
0.992587864
0.992585897
0.992585301
0.992582917
0.296498656
0.342087716
0.424027681
0.453181475
0.160266697
0.446145475
0.142680839
0.42695123
0.376771837
0.405764997
0.171650991
0.354218155
0.940635145
0.94067812
0.134852156
0.391490817
