0.368604451
0.398349285
0.386368215
0.326400101
0.370773911
0.370319903
0.448546112
0.194021031
0.316020131
0.277461827
0.459381819
0.449319422
0.266239405
0.275973141
0.09415517
0.3976008
0.315267295
-0.423314601
-0.424377143
-0.439503849
-0.369885802
0.153854966
-0.153173566
-0.364306659
0.992580056
0.992579579
0.992581248
0.992586613
0.992581248
0.992578924
0.992586017
0.99258858
0.992587388
0.992587149
0.992587805
0.992584646
0.480293512
0.344265431
0.219659492
0.0344071351
0.290287256
0.339696199
0.404905617
0.268661827
0.202981308
0.339406878
0.454590619
0.335462928
0.940434217
0.940725207
0.368129432
0.308017373
