0.351822644
0.200506315
0.349720925
0.330592901
0.435957402
0.266885191
0.460658163
0.250016361
0.305275947
0.364335239
0.338296801
0.37322098
-0.258365065
0.17191039
0.454253316
0.324586242
-0.421188742
-0.400066048
-0.22378175
-0.373567551
0.36384654
-0.183761269
-0.243560076
0.394794732
0.992582858
0.992585123
0.992586315
0.992585957
0.992586732
0.99258697
0.992586136
0.992587924
0.992584288
0.992585123
0.992587686
0.992583692
0.397392571
0.236062586
0.37998876
0.328383029
0.232076973
0.281790107
0.271869957
0.471715599
0.0517570786
0.0416674949
0.0553724207
0.360695124
0.940766335
0.940766335
0.137277886
0.469338328
