0.435132116
0.430541366
0.430086344
0.456386656
0.446428835
0.258595258
0.328410327
0.258211643
0.38306883
0.440288216
0.359143376
0.250611693
-0.349433511
0.224520937
0.405394316
-0.246605754
0.267298102
0.347236127
-0.376184762
-0.392907202
0.203329876
0.431114048
-0.0876675621
-0.429096788
0.99258548
0.992584944
0.99258858
0.992586255
0.992583752
0.99258399
0.992585778
0.99258393
0.99258554
0.99258703
0.992584527
0.992583692
0.397845119
0.20100759
0.36223802
0.468242496
0.246236205
0.46359992
0.364075899
0.406049669
0.293180853
0.479025602
0.112112433
0.417411238
0.940676153
0.940641224
0.074817054
0.22026369
