0.472495228
0.221544817
0.372398943
0.189344838
0.349958688
0.344390929
0.466129512
0.415431738
0.436388284
0.460118115
0.438015431
0.332997769
-0.0715580136
0.146772742
-0.297651172
0.126561061
-0.40980801
-0.369856566
-0.114246413
0.0946139321
0.186802149
0.434385687
-0.439731836
-0.441189557
0.992585838
0.992586076
0.992586792
0.99258703
0.992586493
0.99258399
0.992586076
0.992588222
0.992588758
0.992585421
0.992583334
0.992581904
0.216844901
0.453699112
0.268356979
0.130853683
0.465686351
0.389018774
0.202740133
0.3988024
0.155933395
0.427779168
0.0418697186
0.22251758
0.940570414
0.940475762
0.47586292
0.355432034
