0.368070006
0.220224321
0.410464227
0.355905205
0.418024927
0.448642015
0.246979535
0.343373388
0.374587446
0.261900276
0.364602953
0.458780915
-0.337479621
-0.40459919
0.2117645
0.300219119
-0.417380005
0.106268354
-0.334496945
0.339868754
0.369099796
0.453247011
-0.129959226
-0.2655361
0.992583454
0.992586911
0.992587268
0.992584169
0.992587209
0.992583871
0.992586315
0.99258852
0.992589116
0.99258393
0.992583632
0.992585897
0.426134765
0.116149738
0.315351367
0.242680937
0.154228583
0.312748581
0.303862572
0.202861041
0.383335292
0.400717765
0.155192479
0.369718999
0.940620303
0.940660059
0.29658398
0.472096384
