0.284798205
0.339557946
0.299105257
0.40571332
0.436745107
0.389472365
0.434967577
0.405480355
0.229431197
0.20301187
0.278158545
0.467286497
0.406224817
-0.242588893
-0.244044915
-0.241128609
-0.342284471
-0.238195181
-0.31104669
0.261175841
0.074419558
-0.137138277
-0.27178216
0.294326246
0.992587149
0.99258399
0.992585897
0.992583454
0.992587745
0.992586613
0.992584467
0.99258393
0.992582798
0.992587507
0.992586315
0.992584288
0.356337637
0.42135182
0.320876062
0.149006739
0.225714549
0.472108066
0.100721769
0.383262306
0.465287685
0.402485907
0.141717046
0.376664609
0.940766335
0.940766335
0.369860977
0.125960156
