0.233106494
0.465164423
0.443107784
0.221009552
0.413917333
0.463344812
0.325655818
0.41324693
0.255174398
0.219108999
0.39568603
0.292042285
0.116252229
0.376706958
-0.424920738
-0.320273608
0.165377676
-0.266743064
-0.432938993
-0.12475352
0.298586249
-0.340457559
0.279447556
0.394794732
0.992587268
0.992587745
0.992586851
0.992583036
0.992585301
0.992584467
0.992584586
0.992582858
0.992587984
0.992587745
0.992584884
0.992587447
0.0908551142
0.471125007
0.44062987
0.0849940851
0.421886861
0.454214245
0.0571695268
0.411729842
0.182190925
0.406584352
0.416465282
0.386166066
0.940766335
0.940766335
0.18020086
0.429471999
