0.235088363
0.35449183
0.395443738
0.386384398
0.381906122
0.352457583
0.348889321
0.455600649
0.248502895
0.417511493
0.208617926
0.261120528
0.357165307
0.395014316
0.153528273
-0.161451176
-0.167623445
-0.296403736
-0.455255061
0.281688362
-0.454688579
0.217062905
-0.219136953
0.116644986
0.992585897
0.992584229
0.992587864
0.992585301
0.992586255
0.992583334
0.992583454
0.992586136
0.992584884
0.992584407
0.992584467
0.992582142
0.452739924
0.12943618
0.167831242
0.100828454
0.406870067
0.33693105
0.390184611
0.401676476
0.236383602
0.134402156
0.371317148
0.0902619585
0.940653384
0.940642059
0.140376493
0.476205349
