0.364738166
0.430729955
0.359463602
0.471318305
0.433264554
0.383626044
0.249232188
0.37294212
0.45746243
0.420130402
0.301905751
0.411554813
0.416986793
-0.459347129
-0.373386443
0.431022078
0.411173433
0.326919019
0.42816925
-0.399812937
-0.312724322
-0.307598621
-0.351342648
0.189268082
0.992580712
0.992582202
0.992583334
0.992585421
0.992584348
0.992584646
0.99258709
0.992585719
0.992585838
0.992588818
0.992589176
0.992585421
0.275333643
0.382492542
0.0842167065
0.11404679
0.37957564
0.411410421
0.398549974
0.443038195
0.386571229
0.245211571
0.477804065
0.467347801
0.94064182
0.940712214
0.384214461
0.426097721
