0.348848671
0.220189929
0.342369765
0.34230125
0.430919558
0.280580729
0.456757814
0.243361428
0.299033672
0.354117662
0.348022908
0.372193903
-0.279147953
0.197983295
0.451029241
0.318316191
-0.409858376
-0.394439936
-0.226169869
-0.362473398
0.351508409
-0.173044324
-0.254356593
0.395429134
0.992583156
0.992584407
0.992586672
0.992588282
0.992587328
0.992584765
0.992586613
0.992588699
0.992586672
0.992587209
0.992587447
0.992581069
0.402245075
0.255469561
0.403740078
0.343447506
0.213118106
0.290197492
0.281697184
0.469980299
0.0969391391
0.0801212117
0.0701841637
0.378501624
0.940519631
0.940509498
0.173514888
0.471883774
