0.27934131
0.473162264
0.417890221
0.416355163
0.445735484
0.272172421
0.314450622
0.243447572
0.421566039
0.245652318
0.461839467
0.287488461
-0.417106479
0.0893841907
0.353664011
0.335645586
-0.31226626
0.359152704
0.392810047
-0.432073444
-0.388478696
-0.227295935
-0.160997197
-0.439235359
0.992584407
0.992587686
0.992585063
0.992583156
0.992585123
0.992586553
0.992586672
0.992583215
0.992582917
0.992586255
0.992587626
0.992583573
0.429727912
0.406873822
0.440389663
0.472694695
0.261608124
0.475017309
0.376999378
0.413694113
0.378000408
0.429727912
0.0256381631
0.43869859
0.940766335
0.940766335
0.26420638
0.430493385
