0.47285077
0.210422173
0.382546425
0.200506315
0.346074492
0.351224065
0.469697386
0.414362907
0.433572382
0.453017503
0.438504279
0.336393028
-0.07153707
0.138258725
-0.303628087
0.118523367
-0.414895564
-0.381626606
-0.12475352
0.0939772874
0.204332322
0.435075909
-0.437796682
-0.445003539
0.992585242
0.992586017
0.992586553
0.99258554
0.99258554
0.99258548
0.992586732
0.992587864
0.992587507
0.992585242
0.992584765
0.992585003
0.232649356
0.46154502
0.254747778
0.111951634
0.475400686
0.372948676
0.218035161
0.408888221
0.133540466
0.422686428
0.0370087065
0.251529574
0.940766335
0.940766335
0.472694695
0.35743472
