0.375926495
0.428496242
0.362343878
0.464999914
0.429727912
0.387698591
0.263169736
0.382024258
0.455664694
0.420277059
0.295781821
0.405013651
0.423300982
-0.457036287
-0.384338468
0.424690574
0.407010466
0.338617414
0.433369488
-0.392238736
-0.299853921
-0.318291873
-0.361176729
0.203812316
0.99258256
0.992583692
0.992583334
0.99258554
0.992584765
0.992585778
0.992587507
0.992586136
0.992584407
0.99258697
0.992587626
0.99258548
0.291853935
0.386486232
0.0849940851
0.142452121
0.375657409
0.399505556
0.404838324
0.445129216
0.376329392
0.249365553
0.475209087
0.474247307
0.940766335
0.940766335
0.373289078
0.421083689
