0.404426813
0.43645519
0.390594959
0.233574137
0.249829054
0.195085958
0.407547474
0.392066747
0.462459296
0.364738733
0.445628613
0.326923311
0.247996807
-0.422434509
0.325184286
-0.407856882
-0.433588654
-0.446097612
-0.217660204
0.295232952
-0.290653706
0.238076627
0.279557675
-0.362805545
0.992585003
0.992585599
0.992586732
0.992588639
0.992584527
0.992585838
0.992582321
0.992584527
0.992586017
0.992587626
0.992587388
0.992581964
0.0387085676
0.467626661
0.381189406
0.030203009
0.0267829895
0.0198877174
0.464193374
0.404679656
0.147381753
0.361636966
0.42180106
0.385475367
0.94053936
0.940493762
0.0686115846
0.330280393
