0.394910723
0.365111381
0.47056672
0.192688137
0.317866623
0.218651637
0.455430001
0.406302094
0.46357584
0.445865005
0.282049119
0.191928118
-0.252427727
0.427004337
-0.343212217
-0.325440526
-0.32188651
0.19773984
-0.266281247
0.124538928
0.332126141
0.334456652
-0.208091706
0.320565969
0.992581487
0.992581904
0.992582798
0.992582738
0.992583275
0.992581964
0.992584944
0.992588282
0.992588341
0.992588162
0.992586076
0.992585301
0.321344405
0.382684559
0.353293151
0.364537984
0.330775648
0.374481291
0.176335037
0.15314135
0.195270002
0.470523059
0.3098104
0.414137393
0.940621734
0.940739155
0.455213219
0.402795464
