0.300204337
0.471440285
0.331243992
0.404311568
0.25346446
0.22384043
0.414362907
0.265651733
0.471754968
0.241672769
0.224309966
0.369376808
-0.455655187
0.295182526
-0.166469678
-0.389062434
-0.444809705
0.312671751
-0.315093219
0.357109994
0.425150484
-0.23524487
-0.406487137
0.368439943
0.99258703
0.992585361
0.992587447
0.992586613
0.992584348
0.992587864
0.992585003
0.992584884
0.992583334
0.992583573
0.992584646
0.992586732
0.381304175
0.233791053
0.355235457
0.32961306
0.4208152
0.468336076
0.460488647
0.455314279
0.402781516
0.321298867
0.115105823
0.371581674
0.940766335
0.940766335
0.219228089
0.345844716
