0.382743627
0.26004222
0.262324482
0.424014062
0.189854369
0.468341082
0.365321934
0.370100379
0.454301
0.178327635
0.432434529
0.45680815
-0.402665555
-0.376096874
-0.414322078
-0.331398338
0.27982986
-0.102264032
0.376849025
0.226026893
0.163630947
-0.0912826285
-0.106645547
-0.121669181
0.992585361
0.99258405
0.992584586
0.992587507
0.99258703
0.992581069
0.992587566
0.992586851
0.992584467
0.99258697
0.992586493
0.992579818
0.347825646
0.180487931
0.0404451303
0.381951302
0.268826336
0.403057396
0.271199375
0.335134596
0.427822113
0.313735247
0.0907790512
0.215356708
0.940524042
0.940548539
0.106110312
0.187478155
