0.189466149
0.253030509
0.303093106
0.296000928
0.32592985
0.408740878
0.268603235
0.347340345
0.46148482
0.305050015
0.37537694
0.471346557
0.28301692
0.423303932
-0.454036266
-0.442379564
0.334253699
-0.175967932
0.342323393
0.110891767
-0.0761952177
-0.26472494
0.297078192
0.331840992
0.992587209
0.992585123
0.992583215
0.992584467
0.992585123
0.992583275
0.992589056
0.992588043
0.992587149
0.992585897
0.992585182
0.992581487
0.320534468
0.197695851
0.439319015
0.225317955
0.464311212
0.157955274
0.476039469
0.0663877279
0.451624006
0.162739336
0.358544499
0.37978518
0.940533221
0.940560639
0.416838974
0.347973824
