0.38045001
0.413022935
0.399084747
0.326319605
0.350924194
0.361198157
0.453373015
0.213342443
0.313407868
0.292042285
0.453727782
0.442918479
0.28344506
0.287837029
0.0773008615
0.394230068
0.322241902
-0.424459964
-0.421188742
-0.434012324
-0.3694112
0.135455847
-0.180545926
-0.359491348
0.992583156
0.9925825
0.992582917
0.992587984
0.992583454
0.992582977
0.992585063
0.992587447
0.992583692
0.992583215
0.992585242
0.99258399
0.468737811
0.348132432
0.237755895
0.0678064153
0.289014488
0.351523519
0.400404364
0.223370314
0.147559553
0.32755968
0.460700542
0.364264369
0.940766335
0.940766335
0.361413419
0.29138267
