0.261085838
0.408257395
0.369099706
0.44554919
0.406873822
0.39198035
0.369930089
0.268113643
0.195441186
0.304197043
0.457577854
0.290910602
-0.154942468
0.314690977
-0.431201607
0.304876566
0.199637622
0.221258208
0.432290405
0.33750698
0.411640257
0.141055554
0.384935737
-0.259772688
0.992584467
0.992586553
0.992583811
0.992584884
0.992583334
0.992586076
0.992586493
0.992583394
0.992586493
0.992583036
0.992582917
0.992585599
0.2768718
0.421083689
0.317468673
0.475400686
0.18020086
0.321721017
0.451317757
0.302932888
0.112742409
0.214431152
0.274881154
0.347372264
0.940766335
0.940766335
0.1174559
0.283734411
