0.278196484
0.392241836
0.216194391
0.44840923
0.414465457
0.448613852
0.250665635
0.247608677
0.42177853
0.398936838
0.473811537
0.392062604
-0.436229944
0.154424131
0.322956234
-0.271999151
-0.261389494
0.27465713
0.443154246
-0.356198967
-0.21239619
-0.450901449
-0.44110617
-0.115740001
0.992587745
0.992587745
0.992584169
0.992585242
0.992583036
0.992581487
0.992587388
0.992583275
0.992584944
0.992586315
0.992582262
0.992581785
0.435809225
0.0998961776
0.377953202
0.416029721
0.201148972
0.289784074
0.364572287
0.151359648
0.425291002
0.456161946
0.383262724
0.200667694
0.940546751
0.940501928
0.384246737
0.46062246
