0.451047599
0.342993081
0.443674356
0.447770983
0.255600452
0.44832176
0.44423902
0.260248214
0.458267719
0.461502939
0.473006606
0.345768124
0.376083076
0.15439029
-0.456520796
-0.308182269
-0.13993755
-0.420477152
0.229294151
0.273145705
0.437589645
-0.154942468
0.440857261
0.435498625
0.992587209
0.992587149
0.99258548
0.992584586
0.992584765
0.992583096
0.992583573
0.992587745
0.992587447
0.992587864
0.992584288
0.992585957
0.368126959
0.111159384
0.162491679
0.225130007
0.460276484
0.465697736
0.211398408
0.464464039
0.192624301
0.302480072
0.355235457
0.341593623
0.940766335
0.940766335
0.19836247
0.18351166
