0.411221474
0.428290069
0.40571332
0.238992065
0.226181358
0.202011794
0.42284593
0.397149622
0.460996628
0.353609383
0.44062987
0.320960671
0.252689928
-0.428100437
0.312671751
-0.412145853
-0.439846307
-0.453722179
-0.229294151
0.300696373
-0.268582582
0.225792542
0.295182526
-0.356424987
0.992585719
0.99258703
0.992587686
0.992587626
0.992583573
0.992587507
0.992583454
0.992583871
0.992583632
0.992585599
0.992587805
0.992584586
0.0900226235
0.468537062
0.374983341
0.0462806709
0.0866766572
0.0686816871
0.472108066
0.403665662
0.0875155851
0.364971578
0.429215789
0.398904145
0.940766335
0.940766335
0.0246783886
0.32755968
