0.268558502
0.399520844
0.368296444
0.444137186
0.275871217
0.205351204
0.408099502
0.211529762
0.407421142
0.338688761
0.27948612
0.379744351
-0.102940798
-0.110776983
0.151046604
-0.390204728
0.206975341
0.421398312
-0.223010734
-0.446453512
0.416570663
0.140170738
-0.341896713
0.106028102
0.992587507
0.992588758
0.99258399
0.992586792
0.992584169
0.992586672
0.992585897
0.99258405
0.992586076
0.992583692
0.992585897
0.992583334
0.221297577
0.118120454
0.321768612
0.133727223
0.186615035
0.418838412
0.0596971586
0.431775182
0.469159365
0.090207085
0.1428653
0.306757122
0.940683782
0.940622747
0.380722284
0.454067081
