NumParams=52
0.00999999978
0.00999999978
0.00999999978
0.00999999978
0.00999999978
0.00999999978
0.00999999978
0.00999999978
0.00999999978
0.00999999978
0.00999999978
0.00999999978
-0.0449999981
-0.0449999981
-0.0449999981
-0.0449999981
-0.0449999981
-0.0449999981
-0.0449999981
-0.0449999981
-0.0449999981
-0.0449999981
-0.0449999981
-0.0449999981
0.999932349
0.999932349
0.999932349
0.999932349
0.999932349
0.999932349
0.999932349
0.999932349
0.999932349
0.999932349
0.999932349
0.999932349
0.00999999978
0.00999999978
0.00999999978
0.00999999978
0.00999999978
0.00999999978
0.00999999978
0.00999999978
0.00999999978
0.00999999978
0.00999999978
0.00999999978
-0.787714243
-0.787714243
0.00999999978
0.00999999978
