NumParams=52
0.504828095
0.45011735
0.571922243
0.461436719
0.516493559
0.741833329
0.434955269
0.38396427
0.285127014
0.511907458
0.518500626
0.568828881
-0.253601551
0.496213078
-0.517403722
-0.091977641
-0.480083019
0.0472662374
0.47677806
-0.442124635
-0.287798256
-0.531470239
-0.23234053
0.0461285673
0.99979043
0.999792576
0.999793053
0.999777853
0.999788642
0.99953568
0.999796569
0.999783754
0.99978292
0.999805331
0.999720395
0.999624908
0.727402449
0.770916879
0.625213206
0.623722732
0.17404668
0.159142166
0.745547593
0.622309387
0.786301613
0.667193413
0.0304462425
0.0995465517
-0.668237567
-0.650001585
0.1100014
0.0779993236
