NumParams=52
0.504828095
0.45011735
0.571922243
0.461436719
0.635216177
0.532544136
0.434955269
0.38396427
0.285127014
0.511907458
0.518500626
0.568828881
-0.253601551
0.496213078
-0.517403722
-0.091977641
0.56119138
0.185840696
0.47677806
-0.442124635
-0.287798256
-0.531470239
0.423794448
0.0531141274
0.99979043
0.999792576
0.999793053
0.999777853
0.999788642
0.999581277
0.999796569
0.999783754
0.99978292
0.999805331
0.999810696
0.999931216
0.805495977
0.833760381
0.6901173
0.674554825
0.788822293
0.0314301513
0.760820687
0.632946491
0.79773587
0.679299533
0.794188082
0.0139732258
-0.654195845
-0.656427979
0.43300721
0.494964749
