0.458439738
0.311660856
0.330266684
0.215757027
0.427877128
0.192367077
0.231733009
0.474247307
0.450325221
0.380713195
0.375926495
0.461502939
-0.200160891
-0.348396927
0.256009102
-0.112840272
0.280339539
-0.376083076
-0.219738811
-0.438620985
-0.442257077
0.399244905
-0.129269302
-0.313884884
0.992588043
0.992585301
0.992583215
0.992582798
0.992583334
0.992582738
0.992583394
0.992587388
0.992586374
0.992585599
0.992585421
0.992584646
0.0634045526
0.404252917
0.337663829
0.274881154
0.0982762724
0.267295241
0.391855747
0.16596286
0.405422091
0.424801707
0.440149128
0.166653305
0.940766335
0.940766335
0.445595741
0.393099159
