0.471615583
0.216728419
0.378080755
0.195285171
0.349033833
0.348781466
0.467937231
0.414636403
0.435084194
0.456682533
0.438116521
0.335132182
-0.0710497648
0.142556429
-0.300465882
0.122893177
-0.412335813
-0.375689089
-0.120423362
0.0934423953
0.194678456
0.434748918
-0.438791513
-0.443364233
0.992585421
0.992585957
0.992586553
0.992586195
0.992585897
0.992584586
0.992586493
0.992588162
0.992588341
0.992585421
0.992584169
0.992583632
0.223326296
0.457617939
0.260167658
0.118483886
0.470573097
0.381611258
0.213125825
0.403064489
0.145809412
0.424400032
0.0215276238
0.240156665
0.940659821
0.94063282
0.474729955
0.356656343
