0.272441387
0.474421799
0.414223164
0.417561889
0.447080523
0.273673326
0.309963763
0.238959447
0.418522418
0.24076581
0.465369821
0.287620574
-0.41888395
0.098687768
0.352740675
0.336001962
-0.306830972
0.362151325
0.391672343
-0.427448601
-0.394738734
-0.221751705
-0.169908926
-0.438487321
0.992585599
0.99258852
0.992586076
0.992584825
0.992586017
0.992586195
0.992586315
0.992582917
0.992583275
0.992586493
0.992586613
0.992581367
0.426737487
0.417107821
0.449156791
0.474998623
0.272469014
0.471524358
0.37792322
0.412914604
0.379967451
0.435243279
0.0333499983
0.430369169
0.940695524
0.940584779
0.278904945
0.430017948
