0.272172421
0.223370314
0.39198035
0.406642288
0.273780584
0.294665158
0.411221474
0.305275947
0.328300744
0.43317166
0.222428009
0.216237947
-0.103713371
0.398419559
0.365169197
-0.352968544
0.400611222
0.0876601562
-0.415142924
0.292607427
0.349459767
0.447680265
-0.438620985
-0.408569723
0.992587626
0.992583752
0.992583752
0.992587388
0.992585778
0.992582381
0.992584646
0.992586315
0.992585421
0.992586136
0.992587328
0.992584229
0.414807469
0.267295241
0.322563231
0.107175358
0.41919595
0.0275520477
0.467529356
0.18020086
0.346991271
0.209565789
0.424801707
0.394642949
0.940766335
0.940766335
0.461334288
0.107175358
