0.271974683
0.230514601
0.391290128
0.402001977
0.272313684
0.296481192
0.416251481
0.313221633
0.328311801
0.426129282
0.222802833
0.217735633
-0.106154837
0.40146333
0.364791602
-0.353577703
0.400868893
0.0883679762
-0.41393736
0.302121133
0.357159346
0.442911327
-0.43422702
-0.404241174
0.992588341
0.992584527
0.992585003
0.992588997
0.992586613
0.992582023
0.992583513
0.992585838
0.99258548
0.992585778
0.992586613
0.99258244
0.41231212
0.271802336
0.326633692
0.103902392
0.417946219
0.0440896787
0.469221085
0.173271954
0.341176361
0.219604209
0.429186821
0.395396471
0.940709233
0.940614939
0.463292599
0.108924434
