0.255289584
0.395450473
0.359013379
0.448628247
0.416394174
0.39913398
0.352884561
0.251786739
0.202785343
0.302595854
0.468908876
0.297477841
-0.161861688
0.31351617
-0.422251642
0.299023658
0.200011969
0.235869616
0.43700698
0.334572017
0.406364113
0.134323075
0.390663445
-0.260678232
0.992583454
0.992585778
0.99258399
0.992586672
0.992584348
0.992584705
0.99258554
0.992583871
0.992588878
0.992584884
0.992582202
0.992583096
0.258755058
0.418010831
0.316189349
0.465341866
0.206514031
0.328848541
0.454813004
0.289627582
0.0596865974
0.218121976
0.257208616
0.353292555
0.940580726
0.940509617
0.132911608
0.290274858
