0.229088068
0.462774873
0.438619345
0.2275794
0.415171683
0.465673119
0.313426286
0.409254372
0.262985319
0.230337575
0.402233511
0.294522882
0.113464564
0.376290858
-0.420643508
-0.322641343
0.165110752
-0.260645628
-0.428936809
-0.13120687
0.28767854
-0.336802572
0.274342895
0.392235339
0.992587149
0.992587745
0.992587388
0.992584467
0.992586255
0.992584169
0.992583394
0.992582619
0.99258858
0.992588162
0.992584109
0.992585719
0.0947981253
0.469808698
0.440544903
0.0817339197
0.427782178
0.455704033
0.0487164855
0.410396397
0.161063433
0.409595549
0.412053496
0.381971866
0.940701544
0.940608382
0.185690433
0.43051675
