0.354214787
0.428414285
0.349395514
0.473698407
0.43894431
0.384769082
0.238661498
0.366019994
0.456532985
0.41888693
0.307799459
0.417502224
0.411403447
-0.462586284
-0.37062484
0.435694486
0.413129956
0.312279314
0.423909456
-0.40573734
-0.322321922
-0.297809064
-0.342363954
0.177019611
0.992578804
0.992580235
0.99258256
0.992585063
0.992583573
0.992582977
0.99258709
0.992585659
0.992587566
0.992590785
0.992590845
0.992585719
0.256243289
0.37659505
0.067424804
0.0919321403
0.388617635
0.422876149
0.394572675
0.441078037
0.395910501
0.250078619
0.47954464
0.460101068
0.940483987
0.940684438
0.392428279
0.429769337
