0.453794688
0.323887974
0.314907581
0.207082346
0.434868872
0.175388947
0.20510149
0.471594691
0.452044636
0.391332805
0.377877712
0.46450305
-0.201612324
-0.340959102
0.264343262
-0.100995019
0.291373134
-0.359606177
-0.208565786
-0.440840811
-0.449434608
0.403937161
-0.146605611
-0.319109082
0.99258709
0.992583454
0.992581427
0.99258244
0.992582798
0.992579222
0.992583096
0.992588699
0.992589355
0.99258858
0.992586195
0.992583275
0.114488885
0.40910992
0.336275071
0.264167547
0.0240438692
0.229979917
0.382396787
0.186916515
0.424611628
0.423900187
0.432601452
0.206090704
0.940444469
0.940568328
0.454924941
0.388986975
