0.373709887
0.407175481
0.391028315
0.325846583
0.360307127
0.365003049
0.450932592
0.203775153
0.313456982
0.28591004
0.45693922
0.446032584
0.274779439
0.282433003
0.0863581449
0.396448463
0.319616288
-0.425367624
-0.423197448
-0.437006891
-0.37024802
0.145285919
-0.166677222
-0.362244934
0.992581785
0.992581308
0.99258244
0.992587507
0.99258244
0.992581129
0.99258548
0.992587924
0.99258548
0.992585123
0.992586374
0.992584169
0.474789709
0.345789969
0.229931593
0.0384090394
0.288105816
0.346596539
0.402947873
0.24603416
0.175220594
0.333313823
0.45786345
0.349970311
0.940611839
0.940735698
0.365648299
0.299014628
