0.445675939
0.348169476
0.437545568
0.450198233
0.260319382
0.449087292
0.439455897
0.253276944
0.45343852
0.458885908
0.479664832
0.343872845
0.371763915
0.159295723
-0.454837352
-0.302606761
-0.129640892
-0.411531687
0.241009712
0.285614192
0.426346093
-0.145454675
0.433974057
0.437754184
0.992589533
0.992589176
0.992587805
0.992587984
0.992586732
0.992582977
0.992582619
0.99258697
0.992587745
0.992587805
0.992581427
0.992581189
0.377301395
0.163353428
0.208732694
0.235305861
0.448703676
0.473623067
0.217343345
0.465695381
0.199909493
0.321590006
0.3586182
0.31494239
0.940666795
0.940363467
0.231287256
0.178930283
