0.194419459
0.239888057
0.307776928
0.293918282
0.327312142
0.409174293
0.274181306
0.347904593
0.464505285
0.310607135
0.373764753
0.471440285
0.288273335
0.41563639
-0.454253316
-0.440049261
0.329981357
-0.180545926
0.342648238
0.10485632
0.0749959275
-0.267203689
0.297313839
0.336391747
0.992587388
0.99258548
0.99258256
0.992583156
0.992585778
0.992585957
0.992587686
0.992586732
0.992584884
0.99258399
0.992585719
0.992583752
0.312273622
0.186138719
0.432518512
0.197729483
0.46813485
0.151884988
0.475592017
0.0444408394
0.457923174
0.134290755
0.364618301
0.37965861
0.940766335
0.940766335
0.411447525
0.346227497
