0.237643316
0.350022346
0.398602724
0.38123861
0.383586913
0.348511606
0.351523519
0.456711203
0.250449419
0.420922667
0.20251213
0.263169736
0.362849265
0.389644206
0.156045958
-0.158249497
-0.179471329
-0.301955998
-0.455131948
0.276759177
-0.451749176
0.212596536
-0.219231457
0.115684003
0.992585838
0.992584765
0.992587805
0.99258393
0.992585838
0.992584348
0.992583096
0.992585838
0.99258393
0.992583811
0.992585003
0.992583573
0.454214245
0.130525351
0.188096687
0.0790536925
0.403371394
0.339636534
0.385524243
0.398300886
0.221009552
0.156871215
0.376664609
0.0841503814
0.940766335
0.940766335
0.125194281
0.475209087
