0.435364246
0.427255869
0.431761831
0.45723176
0.447033733
0.256874979
0.326981753
0.256025851
0.384880453
0.44329682
0.360910803
0.253892809
-0.347685695
0.2177068
0.405698776
-0.244529307
0.26535809
0.346257031
-0.380408525
-0.400338888
0.191742137
0.435709476
-0.0985634178
-0.42988205
0.992585301
0.992584825
0.992587924
0.992585242
0.992583573
0.992584884
0.992585778
0.992583632
0.992584527
0.992586553
0.992584944
0.992585123
0.394950271
0.203386113
0.365676641
0.472694695
0.248822197
0.464876443
0.365676641
0.407739729
0.287105739
0.475592017
0.121343262
0.417835623
0.940766335
0.940766335
0.0756230503
0.218035161
