0.434669584
0.433719218
0.428911597
0.456985414
0.445112824
0.259370804
0.334318697
0.26004222
0.378639638
0.437985659
0.359424502
0.25397718
-0.35098657
0.230863422
0.405029148
-0.248153508
0.268642187
0.347670674
-0.373751909
-0.386339039
0.214832827
0.426144212
-0.0773326606
-0.426593482
0.992585897
0.992585361
0.992589355
0.992587566
0.992584169
0.992583275
0.992584944
0.99258399
0.992586374
0.992587149
0.992583871
0.992582023
0.400618106
0.202841341
0.359599501
0.463788867
0.246150404
0.462218106
0.360723138
0.405883133
0.299215585
0.482395291
0.100482307
0.416270316
0.940599322
0.940496564
0.0859859586
0.220867231
