0.371032476
0.213826731
0.414362907
0.356850237
0.414140284
0.452304035
0.257298648
0.344230294
0.372402847
0.254320621
0.364335239
0.457750589
-0.33750698
-0.407010466
0.207961008
0.296036631
-0.420000702
0.0934035182
-0.33750698
0.341189921
0.374829322
0.452471346
-0.121924527
-0.264895439
0.992583692
0.992587507
0.992587924
0.992584169
0.992587388
0.992585361
0.992586315
0.992587924
0.992587745
0.992582738
0.992583573
0.992586732
0.41919595
0.11036554
0.314883858
0.246091455
0.177530602
0.298370183
0.307865858
0.188096687
0.372607648
0.399805605
0.151884988
0.36248669
0.940766335
0.940766335
0.290437788
0.47308448
