0.226421818
0.461136371
0.436109692
0.230181143
0.418386936
0.464716822
0.298046231
0.406233996
0.26656574
0.238693491
0.406493455
0.299033791
0.110978648
0.375529945
-0.416228324
-0.324733704
0.164845258
-0.254740149
-0.426489204
-0.135029629
0.273874044
-0.330571502
0.266824126
0.388414085
0.992587268
0.992587984
0.992588222
0.992586195
0.992587388
0.992584169
0.992582142
0.992582381
0.992588997
0.992588401
0.992583036
0.992583752
0.106348529
0.468525767
0.440371305
0.0888090506
0.432872027
0.456727237
0.0315317661
0.410329729
0.140159577
0.413568646
0.408251613
0.374596059
0.940651119
0.94042623
0.200166777
0.431748509
