0.350917757
0.212046385
0.345175683
0.336527497
0.432594091
0.274634928
0.458106458
0.246986791
0.301027089
0.358883679
0.344065309
0.373311222
-0.270895451
0.187165484
0.451942712
0.320747286
-0.415881485
-0.39833045
-0.225176811
-0.367874742
0.357684016
-0.178234547
-0.249626055
0.395341843
0.992583215
0.992585123
0.992586792
0.992587149
0.99258709
0.992585957
0.992586255
0.992588162
0.992585361
0.992586076
0.992587447
0.992582262
0.400376588
0.251579076
0.391724259
0.335022122
0.221514732
0.286500424
0.275049806
0.471170664
0.0710390285
0.0552430116
0.0570399426
0.370437384
0.94065088
0.940630138
0.15732269
0.470653921
