0.264145017
0.475926101
0.408632994
0.417094946
0.450062752
0.280275315
0.303666741
0.236040756
0.415661454
0.234126687
0.468812257
0.286709487
-0.420141011
0.112051673
0.347549349
0.333377093
-0.298404813
0.362356484
0.390513837
-0.423156917
-0.400326103
-0.215904787
-0.178318948
-0.43769291
0.992586374
0.992588818
0.992586672
0.992586136
0.992586613
0.99258548
0.992586255
0.992582977
0.99258399
0.99258709
0.992586017
0.99257946
0.423828006
0.425668895
0.457208574
0.477383733
0.28156358
0.468086809
0.37949726
0.412311941
0.38209039
0.439970642
0.0513968915
0.421986938
0.940606713
0.940419555
0.292523205
0.432673037
