0.398361266
0.37212944
0.474247307
0.186661884
0.302751869
0.217197657
0.458267719
0.41008684
0.462844729
0.447954804
0.270555466
0.18509014
-0.247906536
0.426973969
-0.351921409
-0.321849316
-0.321849316
0.186963588
-0.267203689
0.127577439
0.33972311
0.334146827
-0.222268939
0.324196875
0.992582977
0.992583394
0.992583871
0.992582917
0.992583573
0.992583513
0.992584586
0.992587686
0.992586792
0.992586374
0.992584825
0.992585063
0.307421029
0.383911043
0.35077408
0.354866832
0.331650078
0.376664609
0.186138719
0.180865422
0.176188216
0.471715599
0.314883858
0.421619505
0.940766335
0.940766335
0.453106493
0.399505556
