0.277045429
0.390019208
0.221864119
0.44912982
0.413524747
0.451156825
0.254147083
0.246867657
0.421423167
0.395501524
0.473975062
0.392797202
-0.435734451
0.151008263
0.321543425
-0.275005341
-0.266912103
0.264867663
0.441124588
-0.356664509
-0.208175853
-0.451345295
-0.44149068
-0.121420383
0.992587209
0.992587447
0.992583752
0.992584407
0.992582917
0.9925825
0.992587388
0.992582917
0.99258405
0.992586076
0.992583215
0.992583454
0.433356255
0.0971993655
0.380147845
0.412495464
0.201023519
0.297775209
0.373764992
0.156266212
0.426333576
0.456882268
0.384209037
0.221765101
0.940651238
0.940640867
0.382256091
0.460812479
