0.448537558
0.345854759
0.440726429
0.448848665
0.259214014
0.448061138
0.442574382
0.258797467
0.457229942
0.461133897
0.474942029
0.344794601
0.373870224
0.157042846
-0.455809206
-0.305426687
-0.134699866
-0.416122526
0.242701694
0.275466383
0.43187955
-0.151855171
0.437904358
0.437090069
0.992588282
0.992588103
0.992586553
0.992586195
0.992585599
0.992582917
0.992583275
0.992587566
0.992587864
0.992587924
0.992582917
0.992583752
0.372755885
0.135251477
0.184139684
0.228466064
0.454527467
0.47011885
0.217062593
0.464900404
0.196178973
0.310862064
0.35641551
0.329663962
0.940709829
0.94058013
0.211152285
0.181888148
