0.232798412
0.358029932
0.394497603
0.391084671
0.379737318
0.355330408
0.346459061
0.45429793
0.246368319
0.414705694
0.212517738
0.26024285
0.351940721
0.39968425
0.151351109
-0.164218023
-0.156565547
-0.291102827
-0.455081075
0.285159409
-0.456885457
0.217832804
-0.216476396
0.1149569
0.992586136
0.99258393
0.992588103
0.992586672
0.992586792
0.9925825
0.992583752
0.992586255
0.99258554
0.992584765
0.992583573
0.992580473
0.451121658
0.13274467
0.153658852
0.124451369
0.409791917
0.334471047
0.395173907
0.40519923
0.24979347
0.109361567
0.365951478
0.0866820887
0.940551102
0.940509737
0.154003993
0.477220923
