0.385395586
0.249148339
0.266474605
0.41767171
0.196460024
0.465492845
0.368822187
0.37457791
0.458267719
0.188746959
0.428702116
0.456711203
-0.397312671
-0.386124521
-0.413402259
-0.329217046
0.26904121
-0.125318721
0.376706958
0.219231457
0.175699219
-0.0928296298
-0.112271011
-0.119090699
0.992584884
0.992584586
0.992584288
0.992585897
0.992587507
0.992583752
0.992586613
0.992586195
0.992582798
0.992585719
0.992587507
0.992582381
0.340812653
0.177530602
0.0351322927
0.397088915
0.2657547
0.401001364
0.251529574
0.343921572
0.439667046
0.286626458
0.0958166793
0.204009056
0.940766335
0.940766335
0.0790536925
0.179535121
