0.304159462
0.377599478
0.437342465
0.349400997
0.389977187
0.238705873
0.388098776
0.336430728
0.274144083
0.27243349
0.474946082
0.454265654
0.156043977
0.408093005
-0.44431296
0.291822046
0.0849180371
-0.440850973
-0.453260928
-0.270030886
0.405225754
-0.311634511
0.205975264
-0.319412559
0.992583454
0.992582738
0.992583811
0.992586851
0.992585301
0.992585957
0.992584765
0.992584825
0.992586076
0.992589533
0.992589414
0.992587388
0.28956756
0.437242836
0.455173373
0.41356802
0.472173035
0.397833139
0.428305924
0.368773699
0.476563334
0.406391084
0.429015756
0.479635209
0.940593898
0.940769315
0.429387391
0.416756362
