0.25841397
0.402136385
0.364625573
0.446617305
0.411648571
0.394861937
0.361243427
0.258894086
0.197908983
0.301769555
0.464463145
0.293567955
-0.158438623
0.314186424
-0.426608235
0.301874995
0.199957564
0.229178712
0.434565067
0.337288171
0.408706039
0.136994302
0.388966203
-0.260616928
0.992583811
0.992585957
0.992583752
0.992585599
0.992583692
0.992585242
0.992586076
0.992583752
0.992587805
0.992584229
0.992582858
0.992584646
0.265624315
0.419738531
0.316091806
0.470604837
0.190853387
0.325274497
0.452728957
0.293675154
0.0877916217
0.215547487
0.267071247
0.353124917
0.940665603
0.940654933
0.125790566
0.287640184
