0.276375443
0.480954707
0.31007874
0.389093548
0.22548081
0.193138078
0.3999255
0.238767609
0.461587131
0.268317878
0.25239104
0.386037827
-0.463956594
0.273145705
-0.193328187
-0.373883754
-0.434651554
0.291744828
-0.334522307
0.339355081
0.41315183
-0.2100254
-0.392810047
0.351571292
0.992589772
0.992588162
0.992590129
0.992589355
0.992587209
0.992590547
0.992582023
0.992581904
0.992580295
0.992580533
0.992581666
0.992583871
0.397088915
0.261085838
0.372948676
0.349268168
0.406873822
0.457923174
0.449508607
0.465902388
0.417014629
0.341593623
0.0738977566
0.35375765
0.940970659
0.940550745
0.247732714
0.325904936
