0.250449419
0.459808737
0.198488981
0.227113172
0.468898177
0.420922667
0.447770983
0.406873822
0.396906465
0.282861084
0.344846606
0.315489233
0.439643055
-0.31145373
-0.161545828
-0.353316545
-0.234257698
0.240152657
-0.457207471
0.148297697
-0.213109493
0.368439943
0.195963949
-0.305706173
0.992587745
0.992587447
0.992582619
0.992585719
0.99258697
0.992584288
0.992584467
0.992588043
0.992586553
0.992583573
0.992583513
0.992585003
0.216237947
0.373968333
0.19836247
0.204630896
0.0256381631
0.0598521158
0.449053168
0.030408714
0.32961306
0.421083689
0.386486232
0.457707435
0.940766335
0.940766335
0.317468673
0.443249553
