0.297504634
0.369204223
0.434604973
0.351328164
0.399377197
0.242964357
0.385007799
0.332000703
0.275751948
0.2642667
0.478328705
0.455732495
0.150605857
0.408332676
-0.439162016
0.287090272
0.0846719742
-0.436137706
-0.45377019
-0.274442524
0.404425561
-0.306278586
0.215693876
-0.320935041
0.992581487
0.992580652
0.992582023
0.992585897
0.992584348
0.99258393
0.992585659
0.992585838
0.992588103
0.9925915
0.992591023
0.992588162
0.273658156
0.436436564
0.45346278
0.421950817
0.472852767
0.39943698
0.430551797
0.382128328
0.482676268
0.410467923
0.432037711
0.483817816
0.940412343
0.940785229
0.431204379
0.419537783
