0.438309729
0.426840514
0.217197657
0.474863648
0.410314262
0.241227552
0.283637434
0.19390744
0.400045365
0.41076839
0.406642288
0.278553337
0.092255637
0.0709604397
0.293897331
-0.426293135
0.259772688
0.0865103751
0.369087994
0.321456164
-0.392238736
-0.2607086
-0.303628087
-0.116252229
0.992583096
0.992583811
0.992582917
0.992585659
0.992584527
0.992582798
0.992586315
0.992584288
0.99258554
0.992582798
0.992586553
0.992584825
0.422952205
0.458138615
0.0535682328
0.030408714
0.384234667
0.221009552
0.466921389
0.178199992
0.139503628
0.171451181
0.216237947
0.397392571
0.940766335
0.940766335
0.457275093
0.359251708
