0.276574105
0.387952834
0.228968874
0.449053168
0.413470656
0.453017503
0.257721752
0.245652318
0.420277059
0.39098081
0.475017309
0.392975122
-0.435075909
0.147186413
0.31987831
-0.278105736
-0.272691697
0.253640682
0.439030915
-0.357109994
-0.20224984
-0.451567829
-0.441459328
-0.127577439
0.992586792
0.992587268
0.992583513
0.992583752
0.992583036
0.992583692
0.992587507
0.9925825
0.992583215
0.992585838
0.992583811
0.992584825
0.430493385
0.103153333
0.382285476
0.408314824
0.203386113
0.306529313
0.383911043
0.163188443
0.428186983
0.458138615
0.383911043
0.23887983
0.940766335
0.940766335
0.380647451
0.461123317
