0.269693464
0.403941512
0.366842449
0.44120717
0.273463011
0.20370847
0.415246278
0.226462543
0.410931021
0.323873699
0.283436447
0.378145725
-0.108142741
-0.0971294492
0.140733764
-0.385708481
0.198388308
0.417939842
-0.221086457
-0.441658407
0.422055632
0.125484094
-0.333271205
0.115766436
0.992587924
0.992589235
0.992584944
0.992587984
0.992584705
0.992585897
0.992585361
0.992583811
0.992586076
0.992583573
0.992585659
0.992581964
0.217917919
0.108940192
0.32373026
0.124998555
0.187381506
0.412679404
0.0815810263
0.435584992
0.471252143
0.101463683
0.162731126
0.307954192
0.940585077
0.940492749
0.380975008
0.453560561
