0.427059263
0.423022121
0.189880222
0.478816718
0.419726431
0.243480861
0.267224789
0.170909017
0.400183141
0.399125069
0.415752441
0.297323853
0.0713349357
-0.0880810246
0.298505068
-0.417450517
0.261351526
-0.0857231021
0.359924614
0.307046413
-0.399887562
-0.241132036
-0.282267302
-0.133195892
0.992580652
0.992581308
0.992582262
0.992584705
0.992582202
0.992579043
0.992586672
0.992584705
0.992588818
0.992586672
0.992589176
0.992585182
0.439677119
0.454218626
0.0465358831
0.0490294658
0.386280835
0.216581732
0.469823033
0.218144163
0.189598918
0.193102673
0.208794132
0.37241292
0.940462291
0.940698981
0.46520412
0.365007401
