0.249768168
0.461961418
0.186107978
0.224960715
0.471659482
0.415258378
0.446022511
0.408835977
0.394969195
0.2923536
0.345887929
0.310950279
0.437516242
-0.30662325
-0.159439594
-0.349503338
-0.223617837
0.257610917
-0.453204244
0.152647361
-0.220719025
0.368361056
0.192769289
-0.293274254
0.992589116
0.99258846
0.99258393
0.992587864
0.992587745
0.992583036
0.992584348
0.992588818
0.992587924
0.992583454
0.992580771
0.992581069
0.230439842
0.364072651
0.219133258
0.197961628
0.0654024035
0.102831028
0.441415697
0.042422276
0.328916639
0.422767848
0.38684845
0.468149364
0.940602422
0.940444946
0.324115217
0.443116784
