0.250626624
0.460725427
0.192348495
0.227112576
0.470668852
0.417560399
0.446462929
0.407876968
0.39605391
0.287166208
0.345682204
0.313935518
0.438554049
-0.308935434
-0.160316661
-0.351286918
-0.228741899
0.249459311
-0.455461055
0.149201974
-0.215855122
0.368372291
0.194522858
-0.300671816
0.992588401
0.992587864
0.992583215
0.992586732
0.992587268
0.992583573
0.992584586
0.99258852
0.992587328
0.992583573
0.992582202
0.992583096
0.223161831
0.370197922
0.207237661
0.199888721
0.0414147042
0.0800903514
0.44483
0.0393505208
0.329044193
0.421685994
0.386757672
0.463489115
0.940678716
0.940611005
0.320898712
0.443329006
