0.310958833
0.386678129
0.439473778
0.348511606
0.381500781
0.235382751
0.39198035
0.341125339
0.271365076
0.282472074
0.471754968
0.45194608
0.161545828
0.40831092
-0.449364901
0.296036631
0.082483463
-0.444615543
-0.452650964
-0.264895439
0.405698776
-0.317495435
0.194383651
-0.317495435
0.992585182
0.992584527
0.992585301
0.992587984
0.992586374
0.992587984
0.99258405
0.99258393
0.99258399
0.992587566
0.992587924
0.992586792
0.302932888
0.43699047
0.457923174
0.404545814
0.472303927
0.394950271
0.426372111
0.354128003
0.469338328
0.40218991
0.425588638
0.474054188
0.940766335
0.940766335
0.427411377
0.412293196
