0.432521343
0.425115705
0.202097535
0.476859391
0.41478163
0.24258469
0.275537521
0.182767615
0.399920255
0.405463338
0.41063869
0.288866669
0.0809878483
-0.0793188363
0.296024323
-0.421650201
0.260719627
-0.0712753907
0.364015937
0.313972354
-0.39785704
-0.25123471
-0.294397771
-0.127178624
0.992581666
0.992582321
0.992582262
0.992584765
0.992583096
0.992580652
0.992586493
0.992584467
0.992587328
0.992585063
0.992588401
0.992585361
0.432214737
0.456215948
0.0363245606
0.0230892878
0.385501444
0.215539515
0.467521936
0.196375355
0.166057438
0.18506293
0.215468004
0.385924727
0.940600514
0.940752506
0.461719424
0.362663776
