0.456218719
0.318421245
0.321922332
0.210765183
0.431682587
0.183441609
0.218386099
0.472771287
0.450924516
0.386626095
0.377386719
0.463001519
-0.20140712
-0.344593614
0.260718554
-0.107209809
0.286193579
-0.367808253
-0.213949651
-0.439793497
-0.446151733
0.401780695
-0.138398871
-0.316699177
0.992587507
0.992584348
0.992582321
0.992582738
0.992583156
0.992581129
0.992583156
0.992587984
0.992587864
0.99258703
0.992585659
0.992583811
0.0898428783
0.405720204
0.33666569
0.269101501
0.0641272888
0.249700427
0.386810333
0.173668548
0.41582185
0.424546659
0.436452538
0.185438588
0.940616608
0.940661132
0.450469553
0.390743583
