0.345768124
0.397392571
0.363199443
0.330266684
0.218154654
0.309195787
0.315489233
0.278553337
0.357142687
0.44329682
0.449599594
0.473162264
0.268123478
-0.267663836
0.219738811
0.386715949
-0.242102623
0.324196875
0.112271011
0.236722112
0.127013072
0.213621989
-0.327296913
-0.234257698
0.992585778
0.992582858
0.99258697
0.992586493
0.992587328
0.992583871
0.992585003
0.992587686
0.992586851
0.992585003
0.99258548
0.992583811
0.300661027
0.343535185
0.419466794
0.448367566
0.163188443
0.445828527
0.148283765
0.429983437
0.36951524
0.413414747
0.169402406
0.357799262
0.940766335
0.940766335
0.123658232
0.391231179
