0.383583069
0.25409627
0.263585806
0.421050876
0.19193165
0.467272848
0.367356718
0.371946752
0.456189811
0.184023738
0.430481881
0.45678708
-0.400568396
-0.380976677
-0.414175034
-0.330712289
0.276123405
-0.115204364
0.37678802
0.222762942
0.169516429
-0.0920309871
-0.109390862
-0.120495781
0.992585123
0.992584288
0.992584467
0.992586911
0.992587507
0.99258256
0.99258703
0.992586434
0.992583573
0.992586255
0.992586911
0.99258101
0.34421432
0.177689448
0.0249556117
0.389111847
0.268339008
0.402246684
0.261161178
0.339451015
0.433799744
0.300975591
0.0900282264
0.208809882
0.940652907
0.940652311
0.0937580988
0.183093518
