0.392439514
0.357818931
0.467062145
0.200482056
0.327551812
0.218357533
0.452383578
0.402533621
0.464604706
0.444717169
0.29369545
0.1984514
-0.256189704
0.426846534
-0.334678173
-0.328418612
-0.321598172
0.207163334
-0.265814424
0.121550567
0.322705865
0.33284691
-0.193096146
0.316096216
0.992580354
0.992580891
0.992582202
0.992583036
0.992583334
0.992580712
0.992585361
0.992588878
0.992589653
0.992589474
0.992586553
0.992584825
0.33425501
0.381351441
0.355564743
0.372722656
0.33006534
0.371713609
0.176420942
0.134368181
0.214214832
0.470551729
0.303800553
0.404391527
0.940496564
0.940655887
0.458203405
0.405237287
