NumParams=52
0.0383523665
0.190082282
0.213145256
0.533250093
0.645985544
0.802191615
0.00901720952
0.184282348
0.339817256
0.534127653
0.732104599
0.929118752
0.739783943
-0.755058527
0.144870356
0.0852814466
0.252999991
-0.126505375
0.818402708
0.398676485
-0.698737323
0.123706654
-0.0466089584
0.0774326324
0.999973178
0.999788642
0.99991399
0.999995768
0.999575377
0.999838293
0.999942422
0.999793351
0.999874592
0.999934375
0.999968946
0.999903798
0.521960855
0.764218628
0.22346963
0.429751158
0.0879522488
0.72613436
0.402186126
0.678049088
0.115469314
0.512305617
0.851277888
0.276445538
-0.787965238
-0.753534913
0.0208631866
0.938641667
