NumParams=52
0.038856186
0.187557846
0.194503576
0.519087732
0.662570536
0.861886263
0.0139490413
0.185603723
0.33217898
0.533932507
0.707890391
0.912482798
0.768134296
-0.668973625
0.0925949886
-0.236409843
0.235572428
-0.1440956
0.865730882
0.399791121
-0.687905133
-0.302917182
0.231248677
-0.0698728338
0.999970138
0.999844968
0.999913156
0.999995291
0.999657154
0.999820113
0.999953091
0.999710023
0.99989903
0.99993825
0.999960124
0.999940276
0.387506664
0.763396442
0.537566245
0.432428569
0.452056944
0.849277616
0.0315936059
0.830613732
0.167035878
0.586605012
0.927907526
0.0628637969
-0.762020469
-0.783172727
0.12754643
0.959213495
