NumParams=52
0.056175448
0.133358926
0.307635069
0.390456855
0.581906915
0.997892976
0.00109697308
0.182325274
0.260706395
0.419647515
0.71859026
0.763010144
0.829472482
-0.79618454
-0.706752002
0.216813341
0.0676594824
0.145557016
-0.164666951
-0.390816003
0.282328486
0.284236878
0.542813182
-0.281985462
0.999874473
0.999702036
0.999797821
0.999940872
0.99969393
0.999994695
0.999915421
0.999973774
0.999992907
0.999537766
0.999906123
0.999907196
0.0104246847
0.0139322737
0.946666598
0.994705439
0.0102352668
0.972218394
0.0101050353
0.0100807827
0.0100136902
0.0100162271
0.887552202
0.989112735
-0.754432917
-0.750017226
0.896919608
0.398167878
