NumParams=52
0.0616150126
0.143092096
0.322907627
0.458349437
0.727816045
0.953958631
0.044767607
0.108585261
0.243405029
0.457931012
0.741960585
0.96942389
-0.165277421
0.279328644
0.647534728
-0.422857583
-0.327606022
0.297766447
0.640564799
0.356422842
0.792791963
0.195225641
0.509778976
0.132023335
0.999881268
0.999803543
0.999741256
0.999976218
0.99999547
0.99994421
0.999995112
0.999974728
0.999562025
0.999733388
0.999964595
0.99997139
0.801498294
0.47274518
0.959458649
0.111019239
0.947147787
0.963182032
0.290333897
0.202283189
0.977474272
0.94107914
0.170566887
0.575133622
-0.777616382
-0.791941881
0.951850772
0.663938105
