NumParams=52
0.0584374554
0.114456713
0.278575212
0.525962293
0.747119546
0.91406256
0.058102712
0.109755307
0.333511561
0.468080044
0.616995275
0.947413027
-0.73105675
0.651771843
0.584185481
0.554093063
0.367724299
-0.268388331
0.837048411
-0.318847775
0.513071477
0.495334834
0.353728682
0.133882031
0.999438703
0.999888003
0.999850392
0.999484003
0.99931556
0.999993563
0.999701738
0.999233127
0.999968469
0.999983132
0.99947834
0.999452472
0.011829325
0.0186858885
0.0127124479
0.0110350698
0.955719411
0.9895702
0.0152122295
0.0141427573
0.0112036569
0.0188858695
0.969836652
0.656972051
0.751122057
0.750741839
0.879573405
0.60846895
