NumParams=52
0.0348305069
0.187950954
0.215869933
0.50771302
0.619775653
0.783578873
0.0293866657
0.18655242
0.327708066
0.53537184
0.694816411
0.952548385
0.841182888
-0.454804033
0.233152434
-0.0477565899
0.187808275
-0.149673864
0.84461683
0.583656311
-0.671199203
0.09339533
0.311497867
-0.168380097
0.999981761
0.999943376
0.999741912
0.999996901
0.99970454
0.999824941
0.999988019
0.999736428
0.999697506
0.999943137
0.999965131
0.999963164
0.0784076601
0.812571108
0.788574278
0.559990942
0.128268406
0.938216627
0.1472992
0.723731875
0.0150288902
0.714319408
0.91275233
0.506074667
-0.78219378
-0.761876941
0.0590953305
0.954456866
