NumParams=52
0.0428514294
0.159717962
0.306152165
0.452808321
0.596811771
0.835950851
0.0311727766
0.0871985555
0.29383719
0.423076063
0.598468482
0.913422704
-0.281584889
-0.656270683
-0.635428369
0.613510609
0.0643991455
-0.310658634
0.717979431
-0.601009071
0.769241512
0.397510141
0.169143826
0.113768332
0.999922633
0.999685287
0.99980551
0.99998045
0.999988317
0.999954581
0.999950826
0.999879181
0.999662101
0.999727905
0.99989903
0.999989569
0.804398656
0.057737954
0.986523986
0.488490641
0.95190078
0.954622686
0.0450574234
0.210253537
0.91797334
0.879758835
0.709348977
0.556922436
-0.778630257
-0.769389987
0.955308557
0.419411033
