NumParams=52
0.0323301889
0.175744236
0.209264889
0.525871217
0.669142544
0.801916242
0.0266452059
0.163589746
0.319714189
0.536596835
0.724170923
0.949222684
0.796250284
0.250462741
-0.16103892
-0.258825153
0.124620199
-0.547644734
0.757021904
0.344829291
-0.771113157
-0.358996868
0.125932708
-0.265444875
0.999982417
0.999882579
0.999911189
0.999997914
0.999779344
0.999765337
0.999961436
0.99984467
0.999777555
0.999933481
0.999967039
0.99995327
0.451138467
0.75077951
0.0832014009
0.0202601776
0.170511067
0.695179284
0.63413775
0.744157672
0.539243162
0.589316785
0.801000953
0.599665105
-0.819339752
-0.756048083
0.648526132
0.956034839
