NumParams=52
0.0346520655
0.188448995
0.227759913
0.532526135
0.68739444
0.801718831
0.0249037966
0.185551435
0.333629608
0.537917674
0.706965327
0.962886274
0.789037883
-0.609171033
-0.350802034
-0.173974171
0.430992782
-0.170789957
0.871929944
0.361807317
-0.765878797
-0.386611998
0.224112973
0.121902868
0.999972939
0.999890029
0.999853909
0.999993205
0.999511719
0.99983871
0.999966621
0.99974072
0.9997859
0.999928117
0.99994278
0.999944925
0.122227862
0.842411041
0.687985063
0.492990553
0.368631005
0.926597893
0.122068301
0.674566567
0.384467036
0.818266749
0.93328917
0.0905737579
-0.773953676
-0.784994781
0.341670096
0.965239286
