NumParams=52
0.0561768077
0.133356616
0.307627499
0.390476465
0.581950784
0.997892499
0.00109972362
0.182330325
0.260725081
0.41964671
0.718585372
0.763019383
0.829441667
-0.796132803
-0.706772685
0.216606781
0.0678548142
0.145429865
-0.164586574
-0.390749067
0.282269746
0.284404457
0.542808712
-0.281972378
0.999874413
0.999702036
0.999797881
0.999940813
0.99969399
0.999994695
0.999915481
0.999973774
0.999992907
0.999537766
0.999906123
0.999907136
0.0101747243
0.0138424039
0.946655214
0.994707286
0.0100099128
0.972227871
0.0100538153
0.0100045437
0.0100132767
0.0100938827
0.887558222
0.989112854
-0.754435599
-0.750000238
0.896910965
0.398160219
