NumParams=52
0.0561796874
0.133347735
0.307631612
0.390467912
0.581926703
0.997892678
0.00110335415
0.182328507
0.260729015
0.41965735
0.718597829
0.763016105
0.829438329
-0.796186209
-0.706772149
0.216648906
0.0680813938
0.145584881
-0.164775088
-0.390768379
0.282126635
0.284020871
0.542814136
-0.282071084
0.999874413
0.999701917
0.999797881
0.999940872
0.999694049
0.999994695
0.999915481
0.999973774
0.999992907
0.999537587
0.999906123
0.999907196
0.0103037171
0.0137019046
0.946662307
0.994706452
0.0103230132
0.97221899
0.0100128632
0.0100090867
0.0100716362
0.0101138866
0.887544334
0.989112318
-0.754387856
-0.750031531
0.896915019
0.398147523
