NumParams=52
0.0584313422
0.114297055
0.278538585
0.525906026
0.746911705
0.913410902
0.0580617711
0.109021261
0.333575726
0.469343305
0.617284477
0.947738588
-0.733397007
0.650765598
0.610814214
0.573327184
0.355374485
-0.276876897
0.84172225
-0.308092564
0.540193021
0.502847254
0.372467458
0.1344385
0.99946636
0.999889672
0.999853969
0.999488711
0.999311268
0.999993324
0.999689698
0.999214888
0.999967515
0.999982715
0.999472737
0.999459505
0.0205346271
0.0173662789
0.0233759508
0.0102130799
0.954588175
0.989632666
0.0155651011
0.0196161009
0.0103772413
0.0126427002
0.97004801
0.66924113
0.751901031
0.753889859
0.878306389
0.62260592
